spectral_feature_1,spectral_feature_2,spectral_feature_3,spectral_feature_4,spectral_feature_5,spectral_feature_6,spectral_feature_7,spectral_feature_8,spectral_feature_9,spectral_feature_10,spectral_feature_11,spectral_feature_12,spectral_feature_13,spectral_feature_14,spectral_feature_15,spectral_feature_16,spectral_feature_17,spectral_feature_18,spectral_feature_19,spectral_feature_20,spectral_feature_21,spectral_feature_22,spectral_feature_23,spectral_feature_24,spectral_feature_25,spectral_feature_26,spectral_feature_27,spectral_feature_28,spectral_feature_29,spectral_feature_30,spectral_feature_31,spectral_feature_32,spectral_feature_33,spectral_feature_34,spectral_feature_35,spectral_feature_36,spectral_feature_37,spectral_feature_38,spectral_feature_39,spectral_feature_40,spectral_feature_41,spectral_feature_42,spectral_feature_43,spectral_feature_44,spectral_feature_45,spectral_feature_46,spectral_feature_47,spectral_feature_48,spectral_feature_49,spectral_feature_50,spectral_feature_51,spectral_feature_52,spectral_feature_53,spectral_feature_54,spectral_feature_55,spectral_feature_56,spectral_feature_57,spectral_feature_58,spectral_feature_59,spectral_feature_60,spectral_feature_61,spectral_feature_62,spectral_feature_63,spectral_feature_64,spectral_feature_65,spectral_feature_66,spectral_feature_67,spectral_feature_68,spectral_feature_69,spectral_feature_70,spectral_feature_71,spectral_feature_72,spectral_feature_73,spectral_feature_74,spectral_feature_75,spectral_feature_76,spectral_feature_77,spectral_feature_78,spectral_feature_79,spectral_feature_80,spectral_feature_81,spectral_feature_82,spectral_feature_83,spectral_feature_84,spectral_feature_85,spectral_feature_86,spectral_feature_87,spectral_feature_88,spectral_feature_89,spectral_feature_90,spectral_feature_91,spectral_feature_92,spectral_feature_93,spectral_feature_94,spectral_feature_95,spectral_feature_96,spectral_feature_97,spectral_feature_98,spectral_feature_99,spectral_feature_100,spectral_feature_101,spectral_feature_102,spectral_feature_103,spectral_feature_104,spectral_feature_105,spectral_feature_106,spectral_feature_107,spectral_feature_108,spectral_feature_109,spectral_feature_110,spectral_feature_111,spectral_feature_112,spectral_feature_113,spectral_feature_114,spectral_feature_115,spectral_feature_116,spectral_feature_117,spectral_feature_118,spectral_feature_119,spectral_feature_120,spectral_feature_121,spectral_feature_122,spectral_feature_123,spectral_feature_124,spectral_feature_125,spectral_feature_126,spectral_feature_127,spectral_feature_128,spectral_feature_129,spectral_feature_130,spectral_feature_131,spectral_feature_132,spectral_feature_133,spectral_feature_134,spectral_feature_135,spectral_feature_136,spectral_feature_137,spectral_feature_138,spectral_feature_139,spectral_feature_140,spectral_feature_141,spectral_feature_142,spectral_feature_143,spectral_feature_144,spectral_feature_145,spectral_feature_146,spectral_feature_147,spectral_feature_148,spectral_feature_149,spectral_feature_150,spectral_feature_151,spectral_feature_152,spectral_feature_153,spectral_feature_154,spectral_feature_155,spectral_feature_156,spectral_feature_157,spectral_feature_158,spectral_feature_159,spectral_feature_160,spectral_feature_161,spectral_feature_162,spectral_feature_163,spectral_feature_164,spectral_feature_165,spectral_feature_166,spectral_feature_167,spectral_feature_168,spectral_feature_169,spectral_feature_170,spectral_feature_171,spectral_feature_172,spectral_feature_173,spectral_feature_174,spectral_feature_175,spectral_feature_176,spectral_feature_177,spectral_feature_178,spectral_feature_179,spectral_feature_180,spectral_feature_181,spectral_feature_182,spectral_feature_183,spectral_feature_184,spectral_feature_185,spectral_feature_186,spectral_feature_187,spectral_feature_188,spectral_feature_189,spectral_feature_190,spectral_feature_191,spectral_feature_192,spectral_feature_193,spectral_feature_194,spectral_feature_195,spectral_feature_196,spectral_feature_197,spectral_feature_198,spectral_feature_199,spectral_feature_200,spectral_feature_201,spectral_feature_202,spectral_feature_203,spectral_feature_204,spectral_feature_205,spectral_feature_206,spectral_feature_207,spectral_feature_208,spectral_feature_209,spectral_feature_210,spectral_feature_211,spectral_feature_212,spectral_feature_213,spectral_feature_214,spectral_feature_215,spectral_feature_216,spectral_feature_217,spectral_feature_218,spectral_feature_219,spectral_feature_220,spectral_feature_221,spectral_feature_222,spectral_feature_223,spectral_feature_224,spectral_feature_225,spectral_feature_226,spectral_feature_227,spectral_feature_228,spectral_feature_229,spectral_feature_230,spectral_feature_231,spectral_feature_232,spectral_feature_233,spectral_feature_234,spectral_feature_235,spectral_feature_236,spectral_feature_237,spectral_feature_238,spectral_feature_239,spectral_feature_240,spectral_feature_241,spectral_feature_242,spectral_feature_243,spectral_feature_244,spectral_feature_245,spectral_feature_246,spectral_feature_247,spectral_feature_248,spectral_feature_249,spectral_feature_250,spectral_feature_251,spectral_feature_252,spectral_feature_253,spectral_feature_254,spectral_feature_255,spectral_feature_256,spectral_feature_257,spectral_feature_258,spectral_feature_259,spectral_feature_260,spectral_feature_261,spectral_feature_262,spectral_feature_263,spectral_feature_264,spectral_feature_265,spectral_feature_266,spectral_feature_267,spectral_feature_268,spectral_feature_269,spectral_feature_270,spectral_feature_271,spectral_feature_272,spectral_feature_273,spectral_feature_274,spectral_feature_275,spectral_feature_276,spectral_feature_277,spectral_feature_278,spectral_feature_279,spectral_feature_280,spectral_feature_281,spectral_feature_282,spectral_feature_283,spectral_feature_284,spectral_feature_285,spectral_feature_286,spectral_feature_287,spectral_feature_288,spectral_feature_289,spectral_feature_290,spectral_feature_291,spectral_feature_292,spectral_feature_293,spectral_feature_294,spectral_feature_295,spectral_feature_296,spectral_feature_297,spectral_feature_298,spectral_feature_299,spectral_feature_300,spectral_feature_301,spectral_feature_302,spectral_feature_303,spectral_feature_304,spectral_feature_305,spectral_feature_306,spectral_feature_307,spectral_feature_308,spectral_feature_309,spectral_feature_310,spectral_feature_311,spectral_feature_312,spectral_feature_313,spectral_feature_314,spectral_feature_315,spectral_feature_316,spectral_feature_317,spectral_feature_318,spectral_feature_319,spectral_feature_320,spectral_feature_321,spectral_feature_322,spectral_feature_323,spectral_feature_324,spectral_feature_325,spectral_feature_326,spectral_feature_327,spectral_feature_328,spectral_feature_329,spectral_feature_330,spectral_feature_331,spectral_feature_332,spectral_feature_333,spectral_feature_334,spectral_feature_335,spectral_feature_336,spectral_feature_337,spectral_feature_338,spectral_feature_339,spectral_feature_340,spectral_feature_341,spectral_feature_342,spectral_feature_343,spectral_feature_344,spectral_feature_345,spectral_feature_346,spectral_feature_347,spectral_feature_348,spectral_feature_349,spectral_feature_350,spectral_feature_351,spectral_feature_352,spectral_feature_353,spectral_feature_354,spectral_feature_355,spectral_feature_356,spectral_feature_357,spectral_feature_358,spectral_feature_359,spectral_feature_360,spectral_feature_361,spectral_feature_362,spectral_feature_363,spectral_feature_364,spectral_feature_365,spectral_feature_366,spectral_feature_367,spectral_feature_368,spectral_feature_369,spectral_feature_370,spectral_feature_371,spectral_feature_372,spectral_feature_373,spectral_feature_374,spectral_feature_375,spectral_feature_376,spectral_feature_377,spectral_feature_378,spectral_feature_379,spectral_feature_380,spectral_feature_381,spectral_feature_382,spectral_feature_383,spectral_feature_384,spectral_feature_385,spectral_feature_386,spectral_feature_387,spectral_feature_388,spectral_feature_389,spectral_feature_390,spectral_feature_391,spectral_feature_392,spectral_feature_393,spectral_feature_394,spectral_feature_395,spectral_feature_396,spectral_feature_397,spectral_feature_398,spectral_feature_399,spectral_feature_400,spectral_feature_401,spectral_feature_402,spectral_feature_403,spectral_feature_404,spectral_feature_405,spectral_feature_406,spectral_feature_407,spectral_feature_408,spectral_feature_409,spectral_feature_410,spectral_feature_411,spectral_feature_412,spectral_feature_413,spectral_feature_414,spectral_feature_415,spectral_feature_416,spectral_feature_417,spectral_feature_418,spectral_feature_419,spectral_feature_420,spectral_feature_421,spectral_feature_422,spectral_feature_423,spectral_feature_424,spectral_feature_425,spectral_feature_426,spectral_feature_427,spectral_feature_428,spectral_feature_429,spectral_feature_430,spectral_feature_431,spectral_feature_432,spectral_feature_433,spectral_feature_434,spectral_feature_435,spectral_feature_436,spectral_feature_437,spectral_feature_438,spectral_feature_439,spectral_feature_440,spectral_feature_441,spectral_feature_442,spectral_feature_443,spectral_feature_444,spectral_feature_445,spectral_feature_446,spectral_feature_447,spectral_feature_448,spectral_feature_449,spectral_feature_450,spectral_feature_451,spectral_feature_452,spectral_feature_453,spectral_feature_454,spectral_feature_455,spectral_feature_456,spectral_feature_457,spectral_feature_458,spectral_feature_459,spectral_feature_460,spectral_feature_461,spectral_feature_462,spectral_feature_463,spectral_feature_464,spectral_feature_465,spectral_feature_466,spectral_feature_467,spectral_feature_468,spectral_feature_469,spectral_feature_470,spectral_feature_471,spectral_feature_472,spectral_feature_473,spectral_feature_474,spectral_feature_475,spectral_feature_476,spectral_feature_477,spectral_feature_478,spectral_feature_479,spectral_feature_480,spectral_feature_481,spectral_feature_482,spectral_feature_483,spectral_feature_484,spectral_feature_485,spectral_feature_486,spectral_feature_487,spectral_feature_488,spectral_feature_489,spectral_feature_490,spectral_feature_491,spectral_feature_492,spectral_feature_493,spectral_feature_494,spectral_feature_495,spectral_feature_496,spectral_feature_497,spectral_feature_498,spectral_feature_499,spectral_feature_500,spectral_feature_501,spectral_feature_502,spectral_feature_503,spectral_feature_504,spectral_feature_505,spectral_feature_506,spectral_feature_507,spectral_feature_508,spectral_feature_509,spectral_feature_510,spectral_feature_511,spectral_feature_512,spectral_feature_513,spectral_feature_514,spectral_feature_515,spectral_feature_516,spectral_feature_517,spectral_feature_518,spectral_feature_519,spectral_feature_520,spectral_feature_521,spectral_feature_522,spectral_feature_523,spectral_feature_524,spectral_feature_525,spectral_feature_526,spectral_feature_527,spectral_feature_528,spectral_feature_529,spectral_feature_530,spectral_feature_531,spectral_feature_532,spectral_feature_533,spectral_feature_534,spectral_feature_535,spectral_feature_536,spectral_feature_537,spectral_feature_538,spectral_feature_539,spectral_feature_540,spectral_feature_541,spectral_feature_542,spectral_feature_543,spectral_feature_544,spectral_feature_545,spectral_feature_546,spectral_feature_547,spectral_feature_548,spectral_feature_549,spectral_feature_550,spectral_feature_551,spectral_feature_552,spectral_feature_553,spectral_feature_554,spectral_feature_555,spectral_feature_556,spectral_feature_557,spectral_feature_558,spectral_feature_559,spectral_feature_560,spectral_feature_561,spectral_feature_562,spectral_feature_563,spectral_feature_564,spectral_feature_565,spectral_feature_566,spectral_feature_567,spectral_feature_568,spectral_feature_569,spectral_feature_570,spectral_feature_571,spectral_feature_572,spectral_feature_573,spectral_feature_574,spectral_feature_575,spectral_feature_576,spectral_feature_577,spectral_feature_578,spectral_feature_579,spectral_feature_580,spectral_feature_581,spectral_feature_582,spectral_feature_583,spectral_feature_584,spectral_feature_585,spectral_feature_586,spectral_feature_587,spectral_feature_588,spectral_feature_589,spectral_feature_590,spectral_feature_591,spectral_feature_592,spectral_feature_593,spectral_feature_594,spectral_feature_595,spectral_feature_596,spectral_feature_597,spectral_feature_598,spectral_feature_599,spectral_feature_600,spectral_feature_601,spectral_feature_602,spectral_feature_603,spectral_feature_604,spectral_feature_605,spectral_feature_606,spectral_feature_607,spectral_feature_608,spectral_feature_609,spectral_feature_610,spectral_feature_611,spectral_feature_612,spectral_feature_613,spectral_feature_614,spectral_feature_615,spectral_feature_616,spectral_feature_617,spectral_feature_618,spectral_feature_619,spectral_feature_620,spectral_feature_621,spectral_feature_622,spectral_feature_623,spectral_feature_624,spectral_feature_625,spectral_feature_626,spectral_feature_627,spectral_feature_628,spectral_feature_629,spectral_feature_630,spectral_feature_631,spectral_feature_632,spectral_feature_633,spectral_feature_634,spectral_feature_635,spectral_feature_636,spectral_feature_637,spectral_feature_638,spectral_feature_639,spectral_feature_640,spectral_feature_641,spectral_feature_642,spectral_feature_643,spectral_feature_644,spectral_feature_645,wavelet_feature_1,wavelet_feature_2,wavelet_feature_3,wavelet_feature_4,wavelet_feature_5,wavelet_feature_6,wavelet_feature_7,wavelet_feature_8,wavelet_feature_9,wavelet_feature_10,wavelet_feature_11,wavelet_feature_12,wavelet_feature_13,wavelet_feature_14,wavelet_feature_15,wavelet_feature_16,wavelet_feature_17,wavelet_feature_18,wavelet_feature_19,wavelet_feature_20,wavelet_feature_21,wavelet_feature_22,wavelet_feature_23,wavelet_feature_24,wavelet_feature_25,wavelet_feature_26,wavelet_feature_27,wavelet_feature_28,wavelet_feature_29,wavelet_feature_30,wavelet_feature_31,wavelet_feature_32,wavelet_feature_33,wavelet_feature_34,wavelet_feature_35,wavelet_feature_36,wavelet_feature_37,wavelet_feature_38,wavelet_feature_39,wavelet_feature_40,wavelet_feature_41,wavelet_feature_42,wavelet_feature_43,wavelet_feature_44,wavelet_feature_45,wavelet_feature_46,wavelet_feature_47,wavelet_feature_48,wavelet_feature_49,wavelet_feature_50,wavelet_feature_51,wavelet_feature_52,wavelet_feature_53,wavelet_feature_54,wavelet_feature_55,wavelet_feature_56,wavelet_feature_57,wavelet_feature_58,wavelet_feature_59,wavelet_feature_60,wavelet_feature_61,wavelet_feature_62,wavelet_feature_63,wavelet_feature_64,wavelet_feature_65,wavelet_feature_66,wavelet_feature_67,wavelet_feature_68,wavelet_feature_69,wavelet_feature_70,wavelet_feature_71,wavelet_feature_72,wavelet_feature_73,wavelet_feature_74,wavelet_feature_75,wavelet_feature_76,wavelet_feature_77,wavelet_feature_78,wavelet_feature_79,wavelet_feature_80,wavelet_feature_81,wavelet_feature_82,wavelet_feature_83,wavelet_feature_84,wavelet_feature_85,wavelet_feature_86,wavelet_feature_87,wavelet_feature_88,wavelet_feature_89,wavelet_feature_90,wavelet_feature_91,wavelet_feature_92,wavelet_feature_93,wavelet_feature_94,wavelet_feature_95,wavelet_feature_96,wavelet_feature_97,wavelet_feature_98,wavelet_feature_99,wavelet_feature_100,wavelet_feature_101,wavelet_feature_102,wavelet_feature_103,wavelet_feature_104,wavelet_feature_105,wavelet_feature_106,wavelet_feature_107,wavelet_feature_108,wavelet_feature_109,wavelet_feature_110,wavelet_feature_111,wavelet_feature_112,wavelet_feature_113,wavelet_feature_114,wavelet_feature_115,wavelet_feature_116,wavelet_feature_117,wavelet_feature_118,wavelet_feature_119,wavelet_feature_120,wavelet_feature_121,wavelet_feature_122,wavelet_feature_123,wavelet_feature_124,wavelet_feature_125,wavelet_feature_126,wavelet_feature_127,wavelet_feature_128,wavelet_feature_129,wavelet_feature_130,wavelet_feature_131,wavelet_feature_132,wavelet_feature_133,wavelet_feature_134,wavelet_feature_135,wavelet_feature_136,wavelet_feature_137,wavelet_feature_138,wavelet_feature_139,wavelet_feature_140,wavelet_feature_141,wavelet_feature_142,wavelet_feature_143,wavelet_feature_144,wavelet_feature_145,wavelet_feature_146,wavelet_feature_147,wavelet_feature_148,wavelet_feature_149,wavelet_feature_150,wavelet_feature_151,wavelet_feature_152,wavelet_feature_153,wavelet_feature_154,wavelet_feature_155,wavelet_feature_156,wavelet_feature_157,wavelet_feature_158,wavelet_feature_159,wavelet_feature_160,wavelet_feature_161,wavelet_feature_162,wavelet_feature_163,wavelet_feature_164,wavelet_feature_165,wavelet_feature_166,wavelet_feature_167,wavelet_feature_168,wavelet_feature_169,wavelet_feature_170,wavelet_feature_171,wavelet_feature_172,wavelet_feature_173,wavelet_feature_174,wavelet_feature_175,wavelet_feature_176,wavelet_feature_177,wavelet_feature_178,wavelet_feature_179,wavelet_feature_180,wavelet_feature_181,wavelet_feature_182,wavelet_feature_183,wavelet_feature_184,wavelet_feature_185,wavelet_feature_186,wavelet_feature_187,wavelet_feature_188,wavelet_feature_189,wavelet_feature_190,wavelet_feature_191,wavelet_feature_192,wavelet_feature_193,wavelet_feature_194,wavelet_feature_195,wavelet_feature_196,wavelet_feature_197,wavelet_feature_198,wavelet_feature_199,wavelet_feature_200,wavelet_feature_201,wavelet_feature_202,wavelet_feature_203,wavelet_feature_204,wavelet_feature_205,wavelet_feature_206,wavelet_feature_207,wavelet_feature_208,wavelet_feature_209,wavelet_feature_210,wavelet_feature_211,wavelet_feature_212,wavelet_feature_213,wavelet_feature_214,wavelet_feature_215,wavelet_feature_216,wavelet_feature_217,wavelet_feature_218,wavelet_feature_219,wavelet_feature_220,wavelet_feature_221,wavelet_feature_222,wavelet_feature_223,wavelet_feature_224,wavelet_feature_225,wavelet_feature_226,wavelet_feature_227,wavelet_feature_228,wavelet_feature_229,wavelet_feature_230,wavelet_feature_231,wavelet_feature_232,wavelet_feature_233,wavelet_feature_234,wavelet_feature_235,wavelet_feature_236,wavelet_feature_237,wavelet_feature_238,wavelet_feature_239,wavelet_feature_240,wavelet_feature_241,wavelet_feature_242,wavelet_feature_243,wavelet_feature_244,wavelet_feature_245,wavelet_feature_246,wavelet_feature_247,wavelet_feature_248,wavelet_feature_249,wavelet_feature_250,wavelet_feature_251,wavelet_feature_252,wavelet_feature_253,wavelet_feature_254,wavelet_feature_255,wavelet_feature_256,wavelet_feature_257,wavelet_feature_258,wavelet_feature_259,wavelet_feature_260,wavelet_feature_261,wavelet_feature_262,wavelet_feature_263,wavelet_feature_264,wavelet_feature_265,wavelet_feature_266,wavelet_feature_267,wavelet_feature_268,wavelet_feature_269,wavelet_feature_270,wavelet_feature_271,wavelet_feature_272,wavelet_feature_273,wavelet_feature_274,wavelet_feature_275,wavelet_feature_276,wavelet_feature_277,wavelet_feature_278,wavelet_feature_279,wavelet_feature_280,wavelet_feature_281,wavelet_feature_282,wavelet_feature_283,wavelet_feature_284,wavelet_feature_285,wavelet_feature_286,wavelet_feature_287,wavelet_feature_288,wavelet_feature_289,wavelet_feature_290,wavelet_feature_291,wavelet_feature_292,wavelet_feature_293,wavelet_feature_294,wavelet_feature_295,wavelet_feature_296,wavelet_feature_297,wavelet_feature_298,wavelet_feature_299,wavelet_feature_300,wavelet_feature_301,wavelet_feature_302,wavelet_feature_303,wavelet_feature_304,wavelet_feature_305,wavelet_feature_306,wavelet_feature_307,wavelet_feature_308,wavelet_feature_309,wavelet_feature_310,wavelet_feature_311,wavelet_feature_312,wavelet_feature_313,wavelet_feature_314,wavelet_feature_315,wavelet_feature_316,wavelet_feature_317,wavelet_feature_318,wavelet_feature_319,wavelet_feature_320,wavelet_feature_321,wavelet_feature_322,wavelet_feature_323,wavelet_feature_324,wavelet_feature_325,wavelet_feature_326,wavelet_feature_327,wavelet_feature_328,wavelet_feature_329,wavelet_feature_330,wavelet_feature_331,wavelet_feature_332,wavelet_feature_333,wavelet_feature_334,wavelet_feature_335,wavelet_feature_336,wavelet_feature_337,wavelet_feature_338,wavelet_feature_339,wavelet_feature_340,wavelet_feature_341,wavelet_feature_342,wavelet_feature_343,wavelet_feature_344,wavelet_feature_345,wavelet_feature_346,wavelet_feature_347,wavelet_feature_348,wavelet_feature_349,wavelet_feature_350,wavelet_feature_351,wavelet_feature_352,wavelet_feature_353,wavelet_feature_354,wavelet_feature_355,wavelet_feature_356,wavelet_feature_357,wavelet_feature_358,wavelet_feature_359,wavelet_feature_360,wavelet_feature_361,wavelet_feature_362,wavelet_feature_363,wavelet_feature_364,wavelet_feature_365,wavelet_feature_366,wavelet_feature_367,wavelet_feature_368,wavelet_feature_369,wavelet_feature_370,wavelet_feature_371,wavelet_feature_372,wavelet_feature_373,wavelet_feature_374,wavelet_feature_375,wavelet_feature_376,wavelet_feature_377,wavelet_feature_378,wavelet_feature_379,wavelet_feature_380,wavelet_feature_381,wavelet_feature_382,wavelet_feature_383,wavelet_feature_384,wavelet_feature_385,wavelet_feature_386,wavelet_feature_387,wavelet_feature_388,wavelet_feature_389,wavelet_feature_390,wavelet_feature_391,wavelet_feature_392,wavelet_feature_393,wavelet_feature_394,wavelet_feature_395,wavelet_feature_396,wavelet_feature_397,wavelet_feature_398,wavelet_feature_399,wavelet_feature_400,wavelet_feature_401,wavelet_feature_402,wavelet_feature_403,wavelet_feature_404,wavelet_feature_405,wavelet_feature_406,wavelet_feature_407,wavelet_feature_408,wavelet_feature_409,wavelet_feature_410,wavelet_feature_411,wavelet_feature_412,wavelet_feature_413,wavelet_feature_414,wavelet_feature_415,wavelet_feature_416,wavelet_feature_417,wavelet_feature_418,wavelet_feature_419,wavelet_feature_420,wavelet_feature_421,wavelet_feature_422,wavelet_feature_423,wavelet_feature_424,wavelet_feature_425,wavelet_feature_426,wavelet_feature_427,wavelet_feature_428,wavelet_feature_429,wavelet_feature_430,wavelet_feature_431,wavelet_feature_432,wavelet_feature_433,wavelet_feature_434,wavelet_feature_435,wavelet_feature_436,wavelet_feature_437,wavelet_feature_438,wavelet_feature_439,wavelet_feature_440,wavelet_feature_441,wavelet_feature_442,wavelet_feature_443,wavelet_feature_444,wavelet_feature_445,wavelet_feature_446,wavelet_feature_447,wavelet_feature_448,wavelet_feature_449,wavelet_feature_450,wavelet_feature_451,wavelet_feature_452,wavelet_feature_453,wavelet_feature_454,wavelet_feature_455,wavelet_feature_456,wavelet_feature_457,wavelet_feature_458,wavelet_feature_459,wavelet_feature_460,wavelet_feature_461,wavelet_feature_462,wavelet_feature_463,wavelet_feature_464,wavelet_feature_465,wavelet_feature_466,wavelet_feature_467,wavelet_feature_468,wavelet_feature_469,wavelet_feature_470,Class
70.8542579591265,141.04585030955803,143.67777924247144,136.01806976324485,25.39623022559924,57.14524748714065,70.29217084261897,72.21988798065286,73.51569258965007,23.35987544757775,29.607102886039247,0.6092335584299114,0.762378739352533,2.918824428532238,18.184123111197486,14.48261709597029,0.7751467879293161,0.5887503972082057,4.00008841454777,12.230872933489522,11.190856863584374,1.3254087540669008,0.45675196503302257,2.7766367155794214,8.086830353538085,8.543203709654295,1.8742873386574155,2.0776265040455284,4.040684265216808,6.415190665522808,7.769264445177296,1.8399370796084755,3.3930783525224197,1.7829954394064598,5.49858440125583,6.988898650154084,1.1619125662370582,3.9283332423374753,3.7429592676111163,4.594420475108021,6.192681279354016,1.0623967855872924,2.5952862238320704,2.061898088044503,3.9954080379829557,5.045177619654795,0.43669516871417235,2.2956063262239073,0.5993720429569914,3.5975776830627746,4.062584767224952,1.657403711224822,1.8609384943974974,2.196904113946997,3.209432423041846,3.7544511251926838,3.142265866419346,0.9588703391755387,0.16696692100782307,2.907546690023981,4.530542203969436,1.3724391696125375,3.0106044577491318,2.334797923817271,2.6825451439494756,4.365286739202259,0.46889254276373804,2.089786125816862,0.8179688595662599,2.465864678356739,3.627163922222065,0.4012316833369109,0.9846707488868363,2.11970295424573,2.28699426475598,2.959321818124167,0.9333048187102095,0.7827089238989297,1.1849167048353195,2.142763339363674,2.7700442458920422,1.5466477386926598,1.302294726572189,0.7260780303155054,2.0022572637077984,2.847961595055669,1.3932457316719937,1.2804423133216547,1.7579094740258616,1.8848256545490898,3.117316143562298,0.8455185348762763,0.3812190662318718,0.17379767489467243,1.7863599154988419,3.198799637017975,1.0005443415608772,1.5501920687307733,0.7679203175708009,1.6863637229029842,2.8643407695708674,0.25754109412515547,1.3786783527070017,0.6029508542240158,1.6024555572734092,2.4392639483767224,1.2073806555296114,0.8189191197500802,1.108607330363347,1.5328855913125994,1.950114155061552,2.0274201125634934,0.17787901206063078,0.8222301755589168,1.4580575314367854,2.3440100391595187,1.0454259972907864,1.114624619982829,0.8998395099401253,1.3933113100701116,2.8129018876120746,0.2356744331448282,0.6196668598706842,1.8213529792803131,1.3426026211679962,2.627420234150375,0.15696114783830886,0.5944591659325595,0.4875011980461312,1.2857042996323251,2.1862692952758476,0.4179356393089973,1.2575578415419566,0.5990642709145492,1.2326355706688061,2.0293260560979625,1.2371891771106147,1.5521526979401599,0.7330619919014302,1.1938413596456918,2.003762403245141,0.9397443869714848,1.9744886730574236,0.3519957322204486,1.1508191370032501,1.9737751114887887,0.8760349809088227,1.8722166934298516,1.0400891235751049,1.1059277143130397,2.195602883680306,1.008176459509137,0.760152163564714,1.4715414214966156,1.074048587832609,2.202319801890231,0.35219476369435637,1.0066510099404975,1.794963782355606,1.0418347625215505,2.1533122669062097,0.6957712515367309,0.493611397063459,0.6160708353554152,1.0038714043188761,1.8930781236905416,1.2051852024819132,0.6101087291769623,1.0098904805700948,0.9756131730749248,1.6624055734435381,0.7087139906688978,1.3221610739793253,0.9611198830587028,0.9512794378321515,1.830735105442947,0.5957556870580818,2.669676182339515,0.8551827253355486,0.9199649326314415,1.9728991593058085,0.6658944044619686,2.458210163840826,0.9834187850412308,0.8936445013458684,1.9059035162435096,0.29599470184573057,0.5199130357771033,1.52026354036003,0.8743221583171846,1.8274650137356634,1.0090915426458,0.8946988322111329,1.1761142189434979,0.8494231580681787,1.9299842306939199,0.6170307296078836,0.9620529057033333,0.6493386167940043,0.8247002765176397,1.7040076588335857,1.0353039362960477,1.2033184246958382,1.3430267725523393,0.807877802774087,1.5240317424887524,1.05959953354926,1.589732875287722,0.7395982378093848,0.7886882708155221,1.5759099912140286,0.588888479117607,1.515344941662897,0.7776528003302057,0.7660741509855663,1.7496116225376894,0.4260677164838807,1.1067753522331698,0.4229279439055224,0.749959420414046,1.9263200460151544,0.652652488135165,0.5479454612980992,0.9829951328215495,0.7351910995364287,1.793559522933467,0.4817159046568725,0.5576233625112847,0.6374283059583278,0.7154561077385592,1.5763970689534372,0.9256447484296234,0.39241780117012237,0.6575698013360374,0.6991797190991743,1.3369688756377809,0.9203368857012135,0.8337744371510942,0.9861745711709805,0.6871705093017166,1.3825932907889842,0.21116036726840187,1.0753765734385339,0.19326299541606476,0.6708296453039431,1.5850626097515188,0.2872670202327334,0.4586075675775046,0.03156635247079288,0.6543897249716053,1.824631185418534,0.2613489495680603,0.27626140458230214,0.557259274010126,0.643471145338508,1.8556772090976505,1.0121010721758776,0.3219101511355185,0.596462304934737,0.6304810590559138,1.4832861267236301,0.8987782247460576,0.2600945724477111,0.19383859960884295,0.614459235103434,1.1276663388943808,0.5550225255592065,0.5249986485613207,0.36903594918219657,0.6033123988019723,1.1332582549570727,0.21531860659669025,0.5461282242875961,0.5159065386481254,0.5930179734211204,1.5523127994755186,0.40176409499725846,0.427683324052793,0.48571738058153585,0.5781831839502709,1.834522264888062,0.6585886364457998,0.25861674317978,0.4786148223804129,0.5660553258418289,1.768266635394285,0.673102992364814,0.4266479911085917,0.7849126563456825,0.5573345441857259,1.4039208833802947,0.8916300543331913,0.7363250956171621,0.5998506205747064,0.5442666262877385,0.8809828236728978,0.32388031847590054,0.242818146737956,0.6787707390159076,0.530994642379603,1.0387256342058575,0.7289719776265049,0.9657012844414691,0.18038291604607076,0.5225015512838221,1.5283715661642967,0.4878198301564664,0.9896967686414538,0.6643390832459124,0.5113198307674182,1.7649893910095784,0.6780574781593299,0.8556519547023437,0.37457065399623907,0.49717816985204166,1.665238240573517,0.47114702801605435,0.7598175736495658,0.5706258755959276,0.48757884724624656,1.2327837598440958,0.5520595012344253,0.9326892880476594,0.9584874704249436,0.4777886180763389,0.7744264862180856,0.7596828634159718,0.9366286224108032,0.7061900454208199,0.46321307345726326,0.9097542047081598,0.7821945916818867,0.4122503232749001,0.7243995446932785,0.45132873956036595,1.4560200616721142,0.7866093079680608,0.8904671260860567,0.15348180328533936,0.4417311041931357,1.7272060418311515,0.25600523784483087,0.7725870738808722,0.3716787229910464,0.4269507392858281,1.577299109743917,0.6514880909931116,0.8845384110835481,0.1429932430596564,0.41172879974795673,1.0834360894027764,0.7751829033607163,0.9090626170724454,0.5983895476362292,0.4002672777417051,0.4948630872159025,1.4827477263317483,0.4221113173179453,0.6258505667967879,0.3847933211898673,1.0607795018428128,0.8614323995087135,0.6567808599370065,0.4681700169658101,0.3649577622069542,1.5031499564546356,0.10127770700744572,0.15086206046754277,0.26087795964341276,0.34818984152286814,1.512328633369614,0.22631902838173737,0.07280120338019433,0.13581705860050972,0.3298871974743042,1.2470048176989295,0.7000375332393974,0.17355900964537768,0.1839380824792491,0.30278973543790927,0.7665965382215822,1.145763372687998,0.4769647995771475,0.06179802878352566,0.27387407798096725,0.6366809217786041,0.8376431489992476,0.9190876587776723,0.2692041130025352,0.24659721830185258,1.1335513093770941,0.5999845738238678,0.4761423106204471,0.26172542955388667,0.20433467292830101,1.556320028725835,0.39530766281198315,0.2338914222329644,0.5342640882984694,0.14471184635666803,1.3390918928913593,0.9478330508229276,0.5580647818966405,0.5632211371747194,0.1011594379460167,0.6528785032893664,1.1155494329427533,0.7655277854337549,0.8435809236809977,0.0669478970983226,0.9659679422511996,2.1568309869188216,0.9032857920520695,2.0011919244406657,0.26767345370231826,3.067991004547883,0.805052206458216,3.687060994576232,2.656072667500768,0.7158518426927422,4.605530765614266,6.040150242210809,4.086769391753169,0.3842221267070632,1.2748995447912344,3.9427896862974463,6.868716033642729,1.087005682947245,3.978051292067021,1.749358851473578,2.3293897935021453,3.8105358630217796,1.612018283260687,4.664036729202114,1.9511260248482252,3.2353258507713676,4.231589333765494,1.4650099423902965,4.345667195383731,1.8143295245168223,3.683095929124226,2.1736146503133007,2.1327372805926106,4.934705758913555,1.4548566530918927,2.6686297851898657,2.907737838455485,6.428687635849547,5.570176467747668,1.1151963085187753,1.1391879337283843,1.8853078075271088,6.746149750379478,4.720272238068018,0.9509669430922594,0.34686142613769594,1.4923069358541463,3.9898951321788516,1.4778554159051196,0.8759596584761316,1.354540627307056,1.1316602219695713,2.3673006425628964,0.5179980047871315,0.8065508438798383,1.9266121813456334,1.9331935522383685,1.4154105001587984,0.2192073206701697,0.759653674960787,1.7968185057792592,1.8327366414171078,0.6147758766486064,1.9071533489739927,0.7263430942766192,1.1593218093573576,1.3145823133400176,3.785912772642071,3.105380119569026,0.6917161348157254,0.41993238987498166,1.0108597952297216,4.3703919486152,3.591309819558837,0.6707276561845573,0.33006768790089364,0.2934220724892788,2.6365944769795333,2.226874069958638,0.6544350230669292,0.9959892723131815,0.9692175676889149,1.97659727418018,0.980353555593986,0.6309572298818559,1.498138972131299,1.1443038286693228,1.968937123003082,1.1793344867105993,0.6176605042297345,1.6067741578915669,2.0452715892883395,1.9568522306900706,0.2933151922606143,0.6109424081749493,1.1204545670418544,1.94653761455123,0.59694017801265,1.7182752253079159,0.593913318081546,0.4053998423555901,0.8129047256711184,3.0234480483515314,2.0828924631629255,0.5819910259020494,0.4366230730745202,0.7104962501206019,2.546924580424907,2.107627230685413,0.5806917647331882,1.0330824175122257,1.4597802722081228,1.495068596430392,1.3027287663222125,0.5695665656958813,1.3086433240835844,1.6809494262940452,1.150160237262665,1.0780844508047769,0.5569290548468995,1.1794543492967537,1.516573684721689,0.5136900528358929,1.0626193224800402,0.5575868323510121,0.8723784918500496,1.2587732084944863,0.956555518692501,0.47525217181345303,0.5524971144957487,0.4377008187871095,0.059246989128363146,0.6859884034158201,0.7600650253487978,0.5394495965163525,0.29090355293228864,0.4929126312227433,0.2597818006927469,1.075550934946402,0.539085624827605,0.7810509244993219,0.880048439653906,0.5717125207147088,1.1068048976166207,0.539503436370564,1.2595613955979772,2.3975763926909064,0.7494369551968092,0.6420340474041328,0.5277516456501131,1.29109880851571,2.267318409585116,0.16972748978335908,0.7062507971270261,0.5243531608201745,0.9264838599379036,0.6298295760604863,1.3973940867994519,1.6750987195182871,0.528646839112974,0.5675207860046412,0.4064866605827449,0.5271064261173422,1.5326587261010358,0.5203103398774843,0.49592602343569686,1.2517457853149552,0.6644837282573867,1.0553839184390175,0.5133412615498114,0.7444616090562404,1.6225244466884556,1.258144055476968,1.054740726887501,0.5189715817179833,0.8999572360700525,1.9164118837614692,2.0649202978163737,0.5927678407337814,0.5156259522314235,0.9669144498808677,1.5889918304681885,3.647089745599822,0.7555749101833805,0.506162411626454,0.8756666182622866,0.46661009811454923,2.973134861295729,1.7368358611886683,0.5103561498536183,0.6785795657687939,0.2381482807566116,0.4778820652793446,2.678359880508733,0.5123315802518693,0.6319466545704411,0.8086281859293555,1.3940171054913557,1.8539272092916668,0.5026591770155832,0.829015144656896,2.576161969970432,1.2651260124569965,1.5753813592224735,0.5032990908776626,1.0183213537930653,2.4646385494651146,1.063011988790011,1.8425685779230072,0.5094357244797709,0.9801308729609088,0.7591591792803796,2.9806074629391834,1.3821163591737038,0.5022192327391123,0.8812803941222265,0.23744005021417713,5.075818349908989,1.748869360881005,0.498592023394856,0.7996464309916412,0.9337716658296978,3.4412673220139833,2.4045362772529906,0.5065308311788932,0.6528377234616967,1.6327420628723879,1.327553345143938,2.391193552881962,0.5038626474752838,0.5658555564342933,2.1170716937389784,1.6081294021063997,1.6953393687583826,0.4969313293473121,793.7273618818997,793.9041385771964,796.2022356160526,807.3391674197408,790.3686046712636,791.7828182336366,807.3391674197408,823.249069996438,823.249069996438,818.1225458328356,788.6008377182973,809.8140411538936,790.3686046712637,780.2923330393553,780.2923330393553,13.435028842544398,23.864853865045973,0.0,0.1767766952966099,10.076271631908298,4.419417382415929,37.29988270759037,42.956736957082796,16.086679271993944,48.08326112068528,8.308504678941915,39.77475644174331,20.32931995911332,0.0,10.253048327204908,26.25,7.25,33.75000000000006,0.0,18.500000000000057,5.999999999999943,26.500000000000057,26.25,7.25,21.500000000000057,12.25,18.500000000000057,52.75000000000006,0.0,10.5,7.25,49.00000000000006,11.750000000000057,0.0,10.5,7.25,19.000000000000057,41.75000000000006,0.0,9.25,0.0,7.25,7.25,0.0,0.0,26.870057685088824,10.253048327204937,10.253048327204937,0.0,10.253048327204937,4.242640687119263,10.253048327204937,10.253048327204937,15.909902576697334,10.253048327204937,1.4142135623730496,7.0710678118654755,10.253048327204937,9.545941546018383,26.870057685088824,10.253048327204937,10.253048327204937,0.0,10.253048327204937,20.152543263816654,7.0710678118654755,10.253048327204937,9.545941546018412,10.253048327204937,10.253048327204937,46.669047558312144,10.253048327204937,10.253048327204937,23.334523779156086,65.76093065034894,0.0,10.253048327204937,10.253048327204937,1.767766952966383,37.12310601229376,0.0,10.253048327204937,10.253048327204937,23.334523779156086,65.76093065034894,0.0,10.253048327204937,10.253048327204937,16.617009357883887,24.395183950935916,0.0,10.253048327204937,10.253048327204937,16.617009357883887,3.5355339059327378,10.253048327204937,10.253048327204937,0.0,10.253048327204937,10.253048327204937,0.0,10.253048327204937,10.253048327204937,0.0,52.50000000000003,14.5,0.0,14.5,14.5,0.0,14.5,14.5,0.0,14.5,38.00000000000003,5.0,0.0,14.5,14.5,0.0,16.99999999999997,14.5,0.0,14.5,14.5,3.5,24.5,14.5,0.0,14.5,27.0,40.5,52.50000000000003,14.5,0.0,14.5,14.5,0.0,14.5,14.5,0.0,14.5,14.5,33.0,24.5,14.5,14.5,0.0,9.999999999999972,16.49999999999997,0.0,14.5,14.5,0.0,27.0,12.000000000000028,0.0,14.5,14.5,0.0,23.50000000000003,9.499999999999972,12.000000000000028,0.0,14.5,14.5,0.0,14.5,14.5,0.0,18.50000000000003,16.0,23.50000000000003,0.0,14.5,14.5,0.0,14.5,14.5,0.0,23.50000000000003,9.499999999999972,12.000000000000028,0.0,14.5,14.5,0.0,14.5,14.5,0.0,14.5,38.00000000000003,0.0,2.5000000000000284,14.5,14.5,0.0,14.5,14.5,0.0,14.5,38.00000000000003,19.5,14.5,0.0,14.5,14.5,0.0,14.5,14.5,0.0,14.5,14.5,0.0,14.5,14.5,0.0,14.5,14.5,0.0,14.5,53.740115370177634,20.506096654409873,20.506096654409873,0.0,20.506096654409873,20.506096654409873,0.0,20.506096654409873,20.506096654409873,0.0,20.506096654409873,20.506096654409873,0.0,20.506096654409873,20.506096654409873,0.0,20.506096654409873,20.506096654409873,0.0,20.506096654409873,20.506096654409873,74.2462120245875,7.0710678118654755,14.142135623730951,20.506096654409873,20.506096654409873,0.0,20.506096654409873,20.506096654409873,0.0,20.506096654409873,20.506096654409873,4.94974746830583,34.648232278140824,20.506096654409873,0.0,20.506096654409873,20.506096654409873,0.0,20.506096654409873,20.506096654409873,0.0,26.87005768508881,31.81980515339464,14.142135623730951,20.506096654409873,20.506096654409873,0.0,20.506096654409873,20.506096654409873,0.0,20.506096654409873,20.506096654409873,4.94974746830583,20.506096654409873,22.62741699796952,53.740115370177634,20.506096654409873,20.506096654409873,0.0,20.506096654409873,20.506096654409873,0.0,20.506096654409873,20.506096654409873,0.0,20.506096654409873,20.506096654409873,0.0,20.506096654409873,20.506096654409873,0.0,20.506096654409873,20.506096654409873,0.0,20.506096654409873,20.506096654409873,0.0,74.2462120245875,27.57716446627535,14.142135623730951,20.506096654409873,0.0,20.506096654409873,20.506096654409873,0.0,20.506096654409873,20.506096654409873,0.0,26.87005768508881,31.81980515339464,14.142135623730951,20.506096654409873,20.506096654409873,0.0,20.506096654409873,20.506096654409873,0.0,20.506096654409873,20.506096654409873,4.94974746830583,20.506096654409873,22.62741699796952,53.740115370177634,20.506096654409873,20.506096654409873,0.0,20.506096654409873,20.506096654409873,0.0,20.506096654409873,20.506096654409873,0.0,74.2462120245875,27.57716446627535,0.0,22.62741699796952,53.740115370177634,20.506096654409873,20.506096654409873,0.0,20.506096654409873,20.506096654409873,0.0,20.506096654409873,20.506096654409873,0.0,20.506096654409873,20.506096654409873,0.0,20.506096654409873,20.506096654409873,74.2462120245875,7.0710678118654755,7.0710678118654755,29.698484809834994,74.2462120245875,0.0,20.506096654409873,20.506096654409873,0.0,20.506096654409873,20.506096654409873,0.0,20.506096654409873,20.506096654409873,0.0,20.506096654409873,20.506096654409873,0.0,20.506096654409873,20.506096654409873,0.0,74.2462120245875,27.57716446627535,0.0,22.62741699796952,53.740115370177634,20.506096654409873,20.506096654409873,0.0,20.506096654409873,20.506096654409873,0.0,20.506096654409873,20.506096654409873,0.0,20.506096654409873,20.506096654409873,0.0,20.506096654409873,20.506096654409873,0.0,20.506096654409873,20.506096654409873,74.2462120245875,7.0710678118654755,7.0710678118654755,29.698484809834994,74.2462120245875,0.0,20.506096654409873,20.506096654409873,0.0,20.506096654409873,20.506096654409873,0.0,20.506096654409873,20.506096654409873,0.0,20.506096654409873,20.506096654409873,0.0,20.506096654409873,20.506096654409873,74.2462120245875,7.0710678118654755,20.506096654409873,20.506096654409873,0.0,20.506096654409873,20.506096654409873,0.0,20.506096654409873,20.506096654409873,0.0,20.506096654409873,20.506096654409873,0.0,20.506096654409873,20.506096654409873,0.0,20.506096654409873,20.506096654409873,0.0,20.506096654409873,20.506096654409873,0.0,20.506096654409873,20.506096654409873,0.0,20.506096654409873,20.506096654409873,0.0,20.506096654409873,20.506096654409873,0.0,20.506096654409873,20.506096654409873,0.0,20.506096654409873,20.506096654409873,0.0,20.506096654409873,z_open_world
